0	1.7	1.6	1.9	1.8	2020-07-05	2020-07-09	1
1	2	2	2	2.5	2020-06-01	2020-06-30	1
2	2	2	2	2	2020-07-22	2020-07-26	1
3	2.5	2.5	2.5	2.3	2020-06-01	2020-06-30	2
4	2.1	2.3	2.3	2.1	2020-07-13	2020-07-22	1
5	1.8	2	1.8	1.5	2020-05-01	2020-05-31	1
6	2.3	2.4	2.5	2.3	2020-06-27	2020-07-04	2
7	2.3	2.3	2.4	2.2	2020-07-03	2020-07-05	1
8	2.2	2	2.4	2.2	2020-07-16	2020-07-22	1
9	1.9	2	2.1	1.9	2020-08-05	2020-08-07	1
10	2.5	2.3	2.5	2.4	2020-06-01	2020-06-30	1
11	1	1.8	1.5	1	2020-05-01	2020-05-31	1
12	2.4	2.4	2.3	2.5	2020-06-01	2020-06-30	2
13	1.7	1.8	2	1.5	2020-05-01	2020-05-31	1
14	2.5	2.5	2.5	2.5	2020-05-01	2020-05-31	1
15	2.4	2	2.4	2.5	2020-04-01	2020-04-30	1
16	1.8	2	2	1.8	2020-02-01	2020-02-29	1
17	2.3	2.1	2.1	2.3	2020-07-03	2020-07-05	1
18	2.2	2	1.9	1.9	2020-06-22	2020-06-26	1
19	2.3	2.5	2.5	2.5	2020-05-01	2020-05-31	2
20	2	2.1	2	2	2020-07-23	2020-07-24	1
21	2.2	2.4	2.2	2.3	2020-05-01	2020-05-31	1
22	2.2	2	2	2	2020-05-01	2020-05-31	1
23	1.7	2	1.8	1.5	2020-04-01	2020-07-31	1
24	1.8	1.8	2	1.7	2020-03-01	2020-03-31	1
25	1.8	2.1	2	1.8	2020-01-01	2020-03-31	1
26	2.1	2.1	2	2	2020-06-19	2020-06-20	1
27	2	2.2	2	1.5	2020-04-01	2020-07-31	1
28	2.3	2	2	2.3	2020-06-01	2020-06-30	1
29	2.1	2	2	2	2020-04-01	2020-04-30	1
30	2.5	2.5	2.4	2.4	2020-07-22	2020-07-25	1
31	2.4	2.4	2.5	2.5	2020-06-01	2020-06-30	2
32	2.3	2.3	2.1	2.1	2020-07-26	2020-08-01	1
33	2.2	2.4	2.4	2.2	2020-06-20	2020-06-20	2
34	2.4	1.7	2.5	2.5	2020-05-01	2020-05-31	1
35	2.2	2	2	2	2020-04-01	2020-06-30	1
36	2	2.4	2	2	2020-06-01	2020-06-30	1
37	2	2	2	2	2020-05-01	2020-05-31	1
38	2.2	2.4	2.2	2.3	2020-04-01	2020-06-30	1
39	2	2	2	1.8	2020-04-01	2020-04-30	1
40	2.5	2.4	2.3	2.5	2020-02-01	2020-02-29	1
41	1.9	2.3	2	1.7	2020-04-01	2020-04-30	1
42	2.3	2	2	2	2020-05-01	2020-05-31	1
43	2	2.5	2	2.2	2019-11-01	2019-11-30	1
44	2	2	2	2	2020-08-07	2020-08-09	1
45	1.8	2	1.9	1.9	2020-07-13	2020-07-22	1
46	2.3	2.1	2	2.4	2020-06-20	2020-06-22	2
47	2	2.2	2	2	2020-07-04	2020-07-06	1
48	2.2	2	1.8	2.3	2020-07-28	2020-07-30	1
49	1.2	1.5	1.5	1	2020-06-01	2020-06-30	1
50	2.2	2.2	2	2	2020-05-01	2020-05-31	2
51	2.3	2.4	2.5	2.3	2020-06-01	2020-06-30	1
52	2.3	2.4	2.3	2.3	2020-04-01	2020-07-16	1
53	2.2	2.4	2.3	2.3	2020-05-01	2020-05-31	1
54	2.2	2.3	2.4	2	2020-04-01	2020-08-04	1
55	2.5	2.5	2.5	2.5	2019-11-01	2019-11-30	3
56	2.3	2	2.5	2.3	2020-04-01	2020-04-30	1
57	2.2	2.2	2	2	2020-01-01		1
58	2	1.8	2	1.9	2020-03-01	2020-03-31	1
59	2	2.3	2	2	2019-10-01	2019-10-30	2
60	2.3	2.2	2.5	2	2020-03-01	2020-03-31	1
61	2	1.9	2	2	2020-01-01	2020-01-31	1
62	2	2	2	2	2020-02-01	2020-02-29	1
63	2	2	2.2	2	2019-05-01	2019-05-31	1
64	2.2	2.5	2.5	2.5	2020-04-01	2020-04-30	3
65	2.3	2.3	2.4	2.4	2020-02-01	2021-04-03	1
66	2	2.3	2	1.8	2020-06-01	2020-06-30	1
67	1.8	1.9	2	2.4	2020-05-01	2020-05-31	1
68	2	2	2	2	2020-05-01	2020-05-31	1
69	1.7	2	2	1.5	2020-04-01	2020-04-30	1
70	2.5	2.2	2.3	2.5	2020-02-01	2020-02-29	3
71	2.5	2.2	2.4	2.5	2019-09-01	2019-09-30	2
72	2	2	2	1.5	2019-11-01	2019-11-30	1
73	2	1.5	2	2	2020-04-01	2020-04-30	1
74	1.9	2.1	1.7	1.5	2020-01-01	2020-03-31	1
75	2	2.5	2	2.5	2019-11-01	2019-11-30	1
76	2.1	2.3	2	1.8	2020-01-01	2020-01-31	1
77	1.8	2	1.7	1.5	2020-04-01	2020-06-30	1
78	2.3	2.3	2.5	2.4	2020-04-01	2020-04-30	1
79	2.4	2.3	2.3	2.2	2020-03-01	2020-03-31	1
80	1.8	1.8	1.5	1.5	2019-10-01	2019-10-30	1
81	2.5	2.5	2.5	2.5	2019-12-01	2019-12-31	1
82	2.5	2.4	2.5	2.5	2020-03-01	2020-03-31	1
83	2.3	2.2	2.3	2.5	2020-02-01	2020-02-29	2
84	2.5	2.1	2.5	2.5	2020-01-01	2020-01-31	2
85	2	2	1.8	2	2019-11-01	2019-11-30	1
86	1	1	1	1	2020-01-01	2020-01-31	1
87	2	2	1.7	1.9	2020-03-01	2020-03-31	1
88	2.3	2	2	2.5	2018-07-01	2018-07-31	2
89	2.1	2.1	2	2	2020-04-01	2020-04-30	1
90	2	2	1	1	2018-06-01	2018-06-30	1
91	2.2	2.5	2.2	2.5	2019-11-01	2019-11-30	2
92	2.3	2.5	2.2	2.5	2019-12-01	2019-12-31	1
93	2.5	2.4	2.3	2.5	2020-01-01	2020-01-31	2
94	2.2	2.3	2	2.2	2020-01-01	2020-09-22	1
95	2	2.1	2	2	2020-01-01	2020-01-31	1
96	2.4	2.3	2.4	2.5	2018-03-01	2018-03-31	2
97	1.8	2	2	1.5	2020-02-01	2020-02-29	1
98	1.7	1.8	2	1.8	2020-03-01	2020-03-31	1
99	2	2	2	2	2018-04-01	2018-04-30	1
100	2.4	2.5	2.5	2.5	2019-11-01	2019-11-30	2
101	2.3	2.5	2.5	2.3	2018-03-01	2018-03-31	2
102	2.2	2.3	2.2	2.3	2018-03-01	2018-03-31	1
103	2.4	2.3	2.4	2.4	2018-03-01	2018-03-31	3
104	2.3	2	2.5	2.5	2017-04-01	2017-05-30	2
105	2.3	2	2	2.2	2018-03-01	2018-03-31	1
106	1.5	1.5	1	1	2015-01-01	2015-12-31	1
107	2	2	2	1.7	2020-07-26	2020-07-26	1
108	2.3	2.4	2.2	2.3	2020-07-26	2020-12-21	1
109	2.1	1.9	2	2	2020-08-08	2020-08-12	1
110	1.5	1.5	1	1	2015-01-01	2015-12-31	1
111	1.8	1.8	1.9	1.9	2020-08-10	2020-08-10	1
112	2	2	2	2	2020-08-12	2020-08-21	1
113	1.8	2	2	1.8	2020-08-10	2020-08-11	1
114	0	0	0	0	2020-06-01		0
115	1.9	1.9	2	2	2020-08-15	2020-08-17	1
116	0	0	0	0	2020-05-01		0
117	2.3	2.1	2.1	2	2020-03-01		1
118	2.4	2.3	2.5	2.5	2019-12-01	2020-09-25	2
119	2.1	2.1	2	2	2020-01-01		1
120	0	0	0	0	2019-12-01		0
121	0	0	0	0	2020-04-01		0
122	2.2	2.2	2.3	2.1	2020-08-24	2020-08-30	1
123	0	0	0	0			0
124	2.5	2.4	2.4	2.5	2020-08-24	2021-04-03	2
125	2.1	2.1	2.1	2.4	2018-04-01	2020-09-19	2
126	2.3	2.2	2.2	2.1	2021-02-20	2021-03-31	1
127	2.2	2.3	2.4	2.3	2020-09-14	2020-09-15	1
128	0	0	0	0			0
129	0	0	0	0			0
130	0	0	0	0			0
131	2.1	2.1	2.2	2.4	2020-11-15	2020-11-29	1
132	2.3	2.4	2.4	2.4	2020-09-08	2020-09-08	1
133	0	0	0	0			0
134	2.5	2.4	2.5	2.5	2021-02-21	2021-02-25	1
135	0	0	0	0			0
136	2.4	2.4	2.4	2.5	2021-01-06	2021-01-14	1
137	0	0	0	0			0
138	2.3	2.3	2.1	2.3	2020-09-18	2020-11-01	1
139	0	0	0	0			0
140	0	0	0	0			0
141	0	0	0	0			0
142	0	0	0	0			0
143	2.2	2.2	2	2.2	2020-10-30	2020-11-07	1
144	0	0	0	0			0
145	0	0	0	0			0
146	0	0	0	0			0
147	0	0	0	0			0
148	0	0	0	0			0
149	0	0	0	0			0
150	0	0	0	0			0
151	0	0	0	0			0
152	0	0	0	0			0
153	0	0	0	0			0
154	0	0	0	0			0
155	0	0	0	0			0
156	0	0	0	0			0
157	2.3	2.3	2.4	2.4	2020-09-30	2021-01-03	1
158	0	0	0	0			0
159	0	0	0	0			0
160	1.8	1.8	1.5	1	2020-09-04	2020-09-07	1
161	2.3	2.3	2.3	2.4	2021-01-30	2021-02-01	1
162	0	0	0	0			0
163	2.1	2.4	2.4	2.3	2020-09-26	2020-09-29	1
164	0	0	0	0			0
165	0	0	0	0			0
166	0	0	0	0			0
167	0	0	0	0			0
168	0	0	0	0			0
169	0	0	0	0			0
170	2.4	2.3	2.5	2.5	2020-08-30	2020-09-03	1
171	0	0	0	0			0
172	2	2.2	2.3	2	2020-11-13	2020-11-15	1
173	2	2	1.7	1.8	2020-09-05	2020-09-06	1
174	2.2	2.2	2.2	2.4	2020-09-07	2020-09-08	1
175	0	0	0	0	2020-09-11		0
176	2.1	2.2	2.2	2	2020-09-17	2020-09-18	1
177	1.7	1.7	1.8	1.7	2020-09-14	2020-09-15	1
178	1.8	1.8	1.7	1.9	2020-09-16	2020-09-17	1
179	0	0	0	0			0
180	1.7	1.9	1.9	2.2	2020-07-01	2020-09-27	1
181	1.9	2.1	2.1	2	2020-07-01	2020-09-25	1
182	2.1	2.3	2.3	2.1	2020-10-10	2020-12-26	1
183	2.1	2.1	2.2	2.2	2020-10-02	2020-12-18	1
184	2.4	2.4	2.4	2.5	2020-10-09	2020-12-25	1
185	2.4	2.3	2.3	2.3	2020-09-26	2020-12-27	1
186	2.3	2.3	2.3	2.3	2020-10-02	2020-12-18	1
187	2.1	2.1	2.1	2.4	2020-10-07	2020-12-23	1
188	2	2	2	2	2020-09-21	2020-09-24	1
189	2	2.1	2	1.9	2020-09-21	2020-09-25	1
190	0	0	0	0			0
191	1.7	1.8	1.8	1.7	2020-07-01	2020-09-25	1
192	2	2.3	2.1	2.2	2020-09-25	2020-09-26	1
193	2.3	2.3	2.5	2.5	2020-10-12	2020-10-15	1
194	2	2	2	2	2020-09-29	2020-09-29	1
195	2.5	2.5	2.5	2.5	2020-10-01	2020-10-10	2
196	2.1	2.3	2.3	2.2	2020-10-09	2020-12-24	1
197	2.2	2.3	2.5	2.4	2020-10-15	2020-10-24	1
198	0	0	0	0			0
199	0	0	0	0			0
200	0	0	0	0			0
201	2.3	2.2	2.2	2.2	2020-11-21	2020-11-21	1
202	2.2	2.2	2.2	2.2	2020-10-24	2020-10-27	1
203	0	0	0	0			0
204	0	0	0	0	2021-02-03		0
205	2.2	2.1	2.3	2.1	2020-11-07	2020-11-13	1
206	0	0	0	0			0
207	0	0	0	0			0
208	2.2	2.2	2.4	2.3	2020-11-28	2020-12-01	1
209	0	0	0	0			0
210	2.3	2.3	2.5	2.4	2020-12-01	2020-12-13	1
211	2.3	2.3	2.5	2.3	2020-12-10	2020-12-18	1
212	2.4	2.4	2.5	2.4	2020-12-20	2020-12-26	1
213	2.3	2.3	2.5	2.4	2020-12-24	2020-12-29	1
214	2.2	2.1	2.2	2.3	2021-02-17	2021-02-20	0
215	2.5	2.4	2.4	2.5	2021-04-03	2021-04-08	1
216	2.2	2.4	2.3	2.2	2021-01-03	2021-01-04	1
217	0	0	0	0			0
218	0	0	0	0			0
219	2.3	2.4	2.5	2.3	2020-12-17	2020-12-23	1
220	2.4	2.1	2.1	2.2	2020-12-21	2020-12-23	1
221	2.2	2.2	2.3	2.4	2020-12-21	2020-12-28	1
222	0	0	0	0			0
223	0	0	0	0			0
224	0	0	0	0			0
225	0	0	0	0			0
226	0	0	0	0			0
227	0	0	0	0			0
228	2.4	2.4	2.4	2.4	2021-01-26	2021-01-30	1
229	0	0	0	0			0
230	2.4	2.2	2.3	2.3	2020-12-29	2020-12-30	1
231	2.4	2.3	2.2	2.4	2020-12-25	2020-12-27	1
232	2.2	2.3	2.2	2.3	2020-12-29	2021-01-06	1
233	2.5	2.5	2.5	2.5	2021-01-04	2021-03-30	2
234	0	0	0	0			0
235	0	0	0	0			0
236	0	0	0	0			0
237	2.3	2.5	2.4	2.4	2021-02-09	2021-02-14	1
238	0	0	0	0			0
239	0	0	0	0			0
240	0	0	0	0			0
241	2.4	2.3	2.3	2.5	2021-01-14	2021-01-21	1
242	2.2	2.3	2.3	2.3	2021-01-14	2021-01-17	1
243	0	0	0	0			0
244	0	0	0	0			0
245	2.3	2.4	2.2	2.3	2021-03-19	2021-03-21	1
246	0	0	0	0			0
247	0	0	0	0			0
248	0	0	0	0			0
249	0	0	0	0			0
250	0	0	0	0			0
251	0	0	0	0			0
252	0	0	0	0			0
253	0	0	0	0			0
254	0	0	0	0			0
255	0	0	0	0			0
256	0	0	0	0			0
257	0	0	0	0			0
258	0	0	0	0			0
259	0	0	0	0			0
260	0	0	0	0			0
261	0	0	0	0			0
262	0	0	0	0			0
263	0	0	0	0			0
264	0	0	0	0			0
265	0	0	0	0			0
266	0	0	0	0			0
267	2.3	2.4	2.3	2.3	2021-01-21	2021-01-26	1
268	0	0	0	0			0
269	0	0	0	0			0
270	0	0	0	0			0
271	2.2	2.3	2.2	2.3	2021-02-02	2021-02-04	1
272	0	0	0	0			0
273	0	0	0	0			0
274	0	0	0	0			0
275	0	0	0	0			0
276	0	0	0	0			0
277	0	0	0	0			0
278	0	0	0	0			0
279	0	0	0	0			0
280	0	0	0	0			0
281	0	0	0	0			0
282	0	0	0	0			0
283	0	0	0	0			0
284	0	0	0	0			0
285	0	0	0	0			0
286	0	0	0	0			0
287	0	0	0	0			0
288	0	0	0	0			0
289	0	0	0	0			0
290	0	0	0	0			0
291	0	0	0	0			0
292	0	0	0	0			0
293	0	0	0	0			0
294	0	0	0	0			0
295	0	0	0	0			0
296	0	0	0	0			0
297	0	0	0	0			0
298	0	0	0	0			0
299	0	0	0	0			0
300	0	0	0	0			0
301	0	0	0	0			0
302	0	0	0	0			0
303	0	0	0	0			0
304	2.3	2.3	2.2	2.3	2021-02-17	2021-02-23	1
305	0	0	0	0			0
306	0	0	0	0			0
307	0	0	0	0			0
308	2.3	2.3	2.4	2.3	2021-02-07	2021-02-09	1
309	0	0	0	0			0
310	0	0	0	0			0
311	0	0	0	0			0
312	0	0	0	0			0
313	0	0	0	0			0
314	0	0	0	0			0
315	0	0	0	0			0
316	2.3	2.3	2.3	2.4	2021-02-26	2021-02-27	1
317	0	0	0	0			0
318	0	0	0	0			0
319	0	0	0	0			0
320	0	0	0	0			0
321	0	0	0	0			0
322	0	0	0	0			0
323	2.3	2.3	2.4	2.3	2021-03-21	2021-03-28	1
324	2.3	2.1	2.2	2.1	2021-02-14	2021-02-17	1
325	0	0	0	0	2021-01-20		0
326	0	0	0	0			0
327	0	0	0	0			0
328	0	0	0	0			0
329	0	0	0	0			0
330	0	0	0	0			0
331	0	0	0	0			0
332	0	0	0	0			0
333	0	0	0	0			0
334	0	0	0	0			0
335	2.4	2.4	2.3	2.4	2021-04-13	2021-04-22	1
336	0	0	0	0			0
337	0	0	0	0			0
338	2.4	2.3	2.3	2.5	2021-03-13	2021-03-19	1
339	0	0	0	0			0
340	0	0	0	0			0
341	0	0	0	0			0
342	0	0	0	0			0
343	0	0	0	0			0
344	0	0	0	0			0
345	0	0	0	0			0
346	0	0	0	0			0
347	0	0	0	0			0
348	0	0	0	0			0
349	2.3	2.3	2.2	2.3	2021-02-27	2021-03-06	1
350	0	0	0	0			0
351	0	0	0	0			0
352	0	0	0	0			0
353	0	0	0	0			0
354	0	0	0	0			0
355	0	0	0	0			0
356	2.2	2.3	2.2	2.2	2021-04-03	2021-04-07	1
357	0	0	0	0			0
358	2.3	2.3	2.2	2.2	2021-03-06	2021-03-09	1
359	0	0	0	0			0
360	2.3	2.3	2.4	2.4	2021-03-09	2021-03-11	1
361	2.4	2.4	2.5	2.4	2021-03-11	2021-03-16	1
362	2.3	2.3	2.2	2.4	2021-01-09	2021-03-20	1
363	2.2	2.3	2.3	2.3	2021-01-04	2021-03-22	1
364	2	2.1	2.1	2	2021-01-04	2021-03-22	1
365	2.3	2.2	2.3	2.3	2021-01-05	2021-03-23	1
366	2.2	2.3	2.2	2.3	2021-01-06	2021-03-24	1
367	2.3	2.2	2.2	2.3	2021-01-07	2021-03-25	1
368	2.3	2.3	2.2	2.3	2021-01-08	2021-03-27	1
369	2.5	2.5	2.5	2.5	2021-01-10	2021-03-28	1
370	1.8	2	2.1	1.9	2021-01-08	2021-03-28	1
371	2.2	2.4	2.3	2.2	2021-03-28	2021-04-03	1
372	2.4	2.5	2.4	2.4	2021-01-12	2021-03-31	1
373	0	0	0	0			0
374	0	0	0	0			0
375	2.2	2.2	2.1	2	2021-04-09	2021-04-09	1
376	0	0	0	0			0
377	0	0	0	0			0
378	0	0	0	0			0
379	0	0	0	0			0
380	0	0	0	0			0
381	0	0	0	0			0
382	2.3	2.4	2.2	2.2	2021-01-09	2021-04-03	1
383	2.4	2.3	2.4	2.4	2021-04-08	2021-04-13	1
384	0	0	0	0			0
385	0	0	0	0			0
386	0	0	0	0			0
387	0	0	0	0			0
388	0	0	0	0			0
389	0	0	0	0			0
390	0	0	0	0			0
391	0	0	0	0			0
392	0	0	0	0			0
393	0	0	0	0			0
394	0	0	0	0			0
395	0	0	0	0			0
396	0	0	0	0			0
397	2.4	2.4	2.4	2.5	2021-05-05	2021-05-19	1
398	0	0	0	0			0
399	0	0	0	0			0
400	2.3	2.3	2.2	2.2	2021-05-20		0
